БИБЛИЯ ЗА ГОД. Чтение Библии в хронологическом порядке


ЯНВАРЬ

1    Быт. 1, 2, 3
2    Быт. 4, 5, 6, 7        
3    Быт. 8, 9, 10, 11
4    Иов 1, 2, 3, 4, 5
5    Иов 6, 7, 8, 9
6    Иов 10, 11, 12, 13
7    Иов 14, 15, 16
8    Иов 17, 18, 19, 20
9    Иов 21, 22, 23
10   Иов 24, 25, 26, 27, 28
11   Иов 29, 30, 31
12   Иов 32, 33, 34
13   Иов 35, 36, 37
14   Иов 38, 39
15   Иов 40, 41, 42
16   Быт. 12, 13, 14, 15
17   Быт. 16, 17, 18
18   Быт. 19, 20, 21
19   Быт. 22, 23, 24
20   Быт. 25, 26
21   Быт. 27, 28, 29
22   Быт. 30, 31
23   Быт. 32, 33, 34
24   Быт. 35, 36, 37
25   Быт. 38, 39, 40
26   Быт. 41, 42
27   Быт. 43, 44, 45
28   Быт. 46, 47
29   Быт. 48, 49, 50
30   Исх. 1, 2, 3
31   Исх. 4, 5, 6


ФЕВРАЛЬ

1    Исх. 7, 8, 9
2    Исх. 10, 11, 12
3    Исх. 13, 14, 15
4    Исх. 16, 17, 18
5    Исх. 19, 20, 21
6    Исх. 22, 23, 24
7    Исх. 25, 26, 27
8    Исх. 28, 29
9    Исх. 30, 31, 32
10   Исх. 33, 34, 35
11   Исх. 36, 37, 38
12   Исх. 39, 40
13   Лев. 1, 2, 3, 4
14   Лев. 5, 6, 7
15   Лев. 8, 9, 10
16   Лев. 11, 12, 13
17   Лев. 14, 15
18   Лев. 16, 17, 18
19   Лев. 19, 20, 21
20   Лев. 22, 23
21   Лев. 24, 25
22   Лев. 26, 27
23   Чис. 1, 2
24   Чис. 3, 4
25   Чис. 5, 6
26   Чис. 7
27   Чис. 8, 9, 10
28   Чис. 11, 12, 13


МАРТ

1    Чис. 14, 15;            Пс. 89
2    Чис. 16, 17        
3    Чис. 18, 19, 20
4    Чис. 21, 22
5    Чис. 23, 24, 25
6    Чис. 26, 27
7    Чис. 28, 29, 30
8    Чис. 31, 32
9    Чис. 33, 34
10   Чис. 35, 36
11   Втор. 1, 2
12   Втор. 3, 4
13   Втор. 5, 6, 7
14   Втор. 8, 9, 10
15   Втор. 11, 12, 13
16   Втор. 14, 15, 16
17   Втор. 17, 18, 19, 20
18   Втор. 21, 22, 23
19   Втор. 24, 25, 26, 27
20   Втор. 28, 29
21   Втор. 30, 31
22   Втор. 32, 33, 34;             Пс. 90
23   Ис.Нав. 1, 2, 3, 4
24   Ис.Нав. 5, 6, 7, 8
25   Ис.Нав. 9, 10, 11
26   Ис.Нав. 12, 13, 14, 15
27   Ис.Нав. 16, 17, 18
28   Ис.Нав. 19, 20, 21
29   Ис.Нав. 22, 23, 24
30   Суд. 1, 2
31   Суд. 3, 4, 5


АПРЕЛЬ

1    Суд. 6, 7
2    Суд. 8, 9        
3    Суд. 10, 11, 12
4    Суд. 13, 14, 15
5    Суд. 16, 17, 18
6    Суд. 19, 20, 21
7    Руфь 1, 2, 3, 4
8    1Цар. 1, 2, 3
9    1Цар. 4, 5, 6, 7, 8
10   1Цар. 9, 10, 11, 12
11   1Цар. 13, 14
12   1Цар. 15, 16, 17
13   1Цар. 18, 19, 20;              Пс. 10, 58
14   1Цар. 21, 22, 23, 24
15   Пс. 7, 26, 30, 33, 51
16   Пс. 55, 119, 139, 140, 141
17   1Цар. 25, 26, 27
18   Пс. 16, 34, 53, 62
19   1Цар. 28, 29, 30, 31;     Пс. 17
20   Пс. 120, 122, 123, 124, 127, 128, 129
21   2Цар. 1, 2, 3, 4
22   Пс. 6, 8, 9, 13, 15, 18, 20
23   1Пар. 1, 2
24   Пс. 42, 43, 44, 48, 83, 84, 86
25   1Пар. 3, 4, 5
26   Пс. 72, 76, 77
27   1Пар. 6
28   Пс. 80, 87, 91, 92
29   1Пар. 7, 8, 9, 10
30   Пс. 101, 102, 103


МАЙ

1    2Цар. 5:1-10;         1Пар. 11, 12
2    Пс. 132        
3    Пс. 105,106
4    2Цар. 5:11-25,6;         1Пар.13,14,15,16
5    Пс. 1, 2, 14, 21, 22, 23, 46, 67
6    Пс. 88, 95, 99, 100, 104, 131
7    2Цар. 7;                 1Пар. 17
8    Пс. 24, 28, 32, 35, 38
9    2Цар. 8, 9;         1Пар. 18
10   Пс. 49, 52, 59, 74
11   2Цар. 10;                1Пар.19;        Пс.19
12   Пс. 64, 65, 66, 68, 69
13   2Цар. 11, 12;         1Пар. 20
14   Пс. 31, 50, 85, 121
15   2Цар. 13, 14, 15
16   Пс. 3, 4, 11, 12, 27, 54
17   2Цар. 16, 17, 18
18   Пс. 25, 39, 57, 60, 61, 63
19   2Цар. 19, 20, 21
20   Пс. 5, 37, 40, 41
21   2Цар. 22, 23;         Пс. 56
22   Пс. 94, 96, 97, 98
23   2Цар. 24;           1Пар. 21, 22;  Пс. 29
24   Пс. 107, 108, 109
25   1Пар. 23, 24, 25
26   Пс.130, 137, 138, 142, 143, 144
27   1Пар. 26, 27, 28, 29;         Пс. 126
28   Пс. 110-117
29   3Цар. 1-2;             Пс. 36, 70, 93
30   Пс. 118:1-88
31   3Цар. 3-4;             2Пар. 1;    Пс. 71


ИЮНЬ

1    Пс.  118:89-176
2    П.Песней 1, 2, 3, 4, 5, 6, 7, 8        
3    Пр. 1, 2, 3
4    Пр. 4, 5, 6
5    Пр. 7, 8, 9
6    Пр. 10, 11, 12
7    Пр. 13, 14, 15
8    Пр. 16, 17, 18
9    Пр. 19, 20, 21
10   Пр. 22, 23, 24
11   3Цар. 5, 6;         2Пар. 2, 3
12   3Цар. 7;                 2Пар. 4
13   3Цар. 8;                 2Пар. 5
14   2Пар. 6, 7;         Пс. 135
15   Пс. 133,145,146,147,148,149,150
16   3Цар. 9;                 2Пар. 8
17   Пр. 25, 26
18   Пр. 27, 28, 29
19   Еккл. 1, 2, 3, 4, 5, 6
20   Еккл. 7, 8, 9, 10, 11, 12
21   3Цар. 10, 11;         2Пар. 9
22   Пр. 30, 31
23   3Цар.12, 13, 14
24   2Пар.10, 11, 12
25   3Цар.15:1-24;         2Пар.13,14,15,16
26   3Цар.15:25-34,16;         2Пар. 17
27   3Цар.17, 18, 19
28   3Цар.20, 21
29   3Цар.22;                 2Пар. 18
30   2Пар.19, 20, 21, 22, 23


ИЮЛЬ

1    Авдий 1;                 Пс. 81, 82
2    4Цар. 1, 2, 3, 4        
3    4Цар. 5, 6, 7, 8
4    4Цар. 9, 10, 11
5    4Цар. 12, 13;         2Пар. 24
6    4Цар. 14;                 2Пар. 25
7    Иона 1, 2, 3, 4
8    4Цар. 15;                 2Пар. 26
9    Ис. 1, 2, 3, 4
10   Ис. 5, 6, 7, 8
11   Амос 1, 2, 3, 4, 5
12   Амос 6, 7, 8, 9
13   2Пар. 27;                 Ис.9, 10, 11, 12
14   Михея 1, 2, 3, 4, 5, 6, 7
15   2Пар. 28;                 4Цар. 16, 17
16   Ис. 13, 14, 15, 16, 17
17   Ис. 18, 19, 20, 21, 22
18   Ис. 23, 24, 25, 26, 27
19   4Цар.18:1-8;   2Пар.29,30,31;   Пс.47
20   Осия 1, 2, 3, 4, 5, 6, 7
21   Осия 8, 9, 10, 11, 12, 13, 14
22   Ис. 28, 29, 30
23   Ис. 31, 32, 33, 34
24   Ис. 35, 36
25   Ис. 37, 38, 39;         Пс. 75
26   Ис. 40, 41, 42, 43
27   Ис. 44, 45, 46, 47, 48
28   4Цар. 18:9, 19;         Пс. 45,79,134
29   Ис. 49, 50, 51, 52, 53
30   Ис. 54, 55, 56, 57, 58
31   Ис. 59, 60, 61, 62, 63


АВГУСТ

1    Ис. 64, 65, 66
2    4Цар. 20, 21        
3    2Пар. 32, 33
4    Наума 1, 2, 3
5    4Цар. 22, 23;         2Пар. 34, 35
6    Софония 1, 2, 3
7    Иерем. 1, 2, 3
8    Иерем. 4, 5, 6
9    Иерем. 7, 8, 9
10   Иерем. 10, 11, 12, 13
11   Иерем. 14, 15, 16, 17
12   Иерем. 18, 19, 20, 21, 22
13   Иерем. 23, 24, 25
14   Иерем. 26, 27, 28, 29
15   Иерем. 30, 31
16   Иерем. 32, 33, 34
17   Иерем. 35, 36, 37
18   Иерем. 38, 39, 40;           Пс. 73,78
19   4Цар. 24, 25;        2Пар. 36
20   Аввакум 1, 2, 3
21   Иерем. 41, 42, 43, 44, 45
22   Иерем. 46, 47, 48
23   Иерем. 49, 50
24   Иерем. 51, 52
25   Пл.Иер. 1, 2, 3:1-36
26   Пл.Иер. 3:37-66, 4, 5
27   Иез. 1, 2, 3, 4
28   Иез. 5, 6, 7, 8
29   Иез. 9, 10, 11, 12
30   Иез. 13, 14, 15
31   Иез. 16, 17


СЕНТЯБРЬ

1    Иез. 18, 19
2    Иез. 20, 21        
3    Иез. 22, 23
4    Иез. 24, 25, 26, 27
5    Иез. 28, 29, 30, 31
6    Иез. 32, 33, 34
7    Иез. 35, 36, 37
8    Иез. 38, 39
9    Иез. 40, 41
10   Иез. 42, 43
11   Иез. 44, 45
12   Иез. 46, 47, 48
13   Иоиль 1, 2, 3
14   Дан. 1, 2, 3
15   Дан. 4, 5, 6
16   Дан. 7, 8, 9
17   Дан. 10, 11, 12
18   Езд. 1, 2, 3
19   Езд. 4, 5, 6;         Пс. 136
20   Аггей 1, 2
21   Зах. 1, 2, 3, 4, 5, 6, 7
22   Зах. 8, 9, 10, 11, 12, 13, 14
23   Есф. 1, 2, 3, 4, 5
24   Есф. 6, 7, 8, 9, 10
25   Езд. 7, 8, 9, 10
26   Неем. 1, 2, 3, 4, 5
27   Неем. 6, 7
28   Неем. 8, 9, 10
29   Неем. 11, 12, 13;         Пс. 125
30   Малахия 1, 2, 3, 4


ОКТЯБРЬ

1    Лук. 1;                   Иоан. 1:1-14
2    Мтф. 1;                  Лук. 2:1-38        
3    Мтф. 2;                  Лук. 2:39-52
4    Мтф. 3;   Марк.1;           Лук. 3
5    Мтф. 4;   Лук.4,5;          Иоан. 1:15-51
6    Иоан. 2,3,4
7    Марк. 2
8    Иоан. 5
9    Мтф. 12:1-21;   Марк.3;   Лук. 6
10   Мтф. 5,6,7
11   Мтф. 8:1-13;          Лук. 7
12   Мтф. 11
13   Мтф. 12:22-50;          Лук. 11
14   Мтф. 13;                  Лук. 8
15   Мтф. 8:14-34;          Марк. 4, 5
16   Мтф. 9, 10
17   Мтф. 14;            Марк.6;    Лук.9:1-17
18   Иоан. 6
19   Мтф. 15;                  Марк. 7
20   Мтф. 16;            Марк.8;    Лук.9:18-27
21   Мтф. 17;       Марк.9;    Лук.9:28-62
22   Мтф. 18
23   Иоан. 7, 8
24   Иоан. 9, 10:1-21
25   Лук. 10, 11;          Иоан.10:22-42
26   Лук. 12, 13
27   Лук. 14, 15
28   Лук. 16, 17:1-10
29   Иоан. 11
30   Лук. 17:1-11, 18:1-14
31   Мтф. 19;                  Марк. 10


НОЯБРЬ

1    Мтф. 20, 21
2    Лук. 18:1-15, 19:1-48        
3    Марк. 11;                   Иоан. 12
4    Мтф. 22;                   Марк. 12
5    Мтф. 23;                   Лук. 20, 21
6    Марк. 13
7    Мтф. 24
8    Мтф. 25
9    Мтф. 26;                   Марк. 14
10   Лук. 22;                   Иоан. 13
11   Иоан. 14, 15, 16, 17
12   Мтф. 27;                   Марк. 15
13   Лук. 23;                   Иоан. 18, 19
14   Мтф. 28;                   Марк. 16
15   Лук. 24;                   Иоан. 20, 21
16   Деян. 1, 2, 3
17   Деян. 4, 5, 6
18   Деян. 7, 8
19   Деян. 9, 10
20   Деян. 11, 12
21   Деян. 13, 14
22   Иакова 1, 2, 3, 4, 5
23   Деян. 15, 16
24   Гал. 1, 2, 3
25   Гал. 4, 5, 6
26   Деян. 17, 18:1-18
27   1Фес. 1,2,3,4,5              2Фес.1,2,3
28   Деян. 18:19, 19:1-41
29   1Кор. 1, 2, 3, 4
30   1Кор. 5, 6, 7, 8


ДЕКАБРЬ

1    1Кор. 9, 10, 11
2    1Кор. 12, 13, 14        
3    1Кор. 15, 16
4    2Кор. 1, 2, 3, 4
5    2Кор. 5, 6, 7, 8, 9
6    2Кор. 10, 11, 12, 13
7    Деян. 20:1-3;           Рим. 1, 2, 3
8    Рим. 4, 5, 6, 7
9    Рим. 8, 9, 10
10   Рим. 11, 12, 13
11   Рим. 14, 15, 16
12   Деян. 20:4-38, 21, 22, 23
13   Деян. 24, 25, 26
14   Деян. 27, 28
15   Колос. 1, 2, 3, 4;           Филимону 1
16   Ефесянам 1, 2, 3, 4, 5, 6
17   Филип. 1, 2, 3, 4
18   1Тим. 1, 2, 3, 4, 5, 6
19   Титу 1, 2, 3
20   1Петр. 1, 2, 3, 4, 5
21   Евр. 1, 2, 3, 4, 5, 6
22   Евр. 7, 8, 9, 10
23   Евр. 11, 12, 13
24   2Тим. 1, 2, 3, 4
25   2Петр. 1, 2, 3;           Иуды 1
26   1Иоан. 1, 2, 3, 4, 5
27   2Иоан. 1;                   3Иоан. 1
28   Откр. 1, 2, 3, 4, 5
29   Откр. 6, 7, 8, 9, 10, 11
30   Откр. 12, 13, 14, 15, 16, 17, 18
31   Откр. 19, 20, 21,22